{
 "cells": [
  {
   "cell_type": "code",
   "execution_count": 34,
   "id": "5ef138b8",
   "metadata": {},
   "outputs": [],
   "source": [
    "import pandas as pd\n",
    "import numpy as np\n",
    "import matplotlib.pyplot as plt\n",
    "import sklearn\n",
    "from sklearn.model_selection import train_test_split\n",
    "from sklearn.linear_model import LogisticRegression\n",
    "from sklearn.metrics import accuracy_score, confusion_matrix, classification_report\n",
    "from sklearn.model_selection import cross_val_score"
   ]
  },
  {
   "cell_type": "code",
   "execution_count": 4,
   "id": "b30ff764",
   "metadata": {},
   "outputs": [
    {
     "data": {
      "text/html": [
       "<div>\n",
       "<style scoped>\n",
       "    .dataframe tbody tr th:only-of-type {\n",
       "        vertical-align: middle;\n",
       "    }\n",
       "\n",
       "    .dataframe tbody tr th {\n",
       "        vertical-align: top;\n",
       "    }\n",
       "\n",
       "    .dataframe thead th {\n",
       "        text-align: right;\n",
       "    }\n",
       "</style>\n",
       "<table border=\"1\" class=\"dataframe\">\n",
       "  <thead>\n",
       "    <tr style=\"text-align: right;\">\n",
       "      <th></th>\n",
       "      <th>N</th>\n",
       "      <th>P</th>\n",
       "      <th>K</th>\n",
       "      <th>pH</th>\n",
       "      <th>EC</th>\n",
       "      <th>OC</th>\n",
       "      <th>S</th>\n",
       "      <th>Zn</th>\n",
       "      <th>Fe</th>\n",
       "      <th>Cu</th>\n",
       "      <th>Mn</th>\n",
       "      <th>B</th>\n",
       "      <th>Output</th>\n",
       "    </tr>\n",
       "  </thead>\n",
       "  <tbody>\n",
       "    <tr>\n",
       "      <th>count</th>\n",
       "      <td>880.00000</td>\n",
       "      <td>880.000000</td>\n",
       "      <td>880.000000</td>\n",
       "      <td>880.000000</td>\n",
       "      <td>880.000000</td>\n",
       "      <td>880.000000</td>\n",
       "      <td>880.000000</td>\n",
       "      <td>880.000000</td>\n",
       "      <td>880.000000</td>\n",
       "      <td>880.000000</td>\n",
       "      <td>880.000000</td>\n",
       "      <td>880.000000</td>\n",
       "      <td>880.000000</td>\n",
       "    </tr>\n",
       "    <tr>\n",
       "      <th>mean</th>\n",
       "      <td>246.73750</td>\n",
       "      <td>14.562159</td>\n",
       "      <td>499.978409</td>\n",
       "      <td>7.510500</td>\n",
       "      <td>0.543659</td>\n",
       "      <td>0.617989</td>\n",
       "      <td>7.545080</td>\n",
       "      <td>0.469273</td>\n",
       "      <td>4.140523</td>\n",
       "      <td>0.952443</td>\n",
       "      <td>8.666500</td>\n",
       "      <td>0.590159</td>\n",
       "      <td>0.588636</td>\n",
       "    </tr>\n",
       "    <tr>\n",
       "      <th>std</th>\n",
       "      <td>77.38886</td>\n",
       "      <td>21.967755</td>\n",
       "      <td>124.222838</td>\n",
       "      <td>0.464912</td>\n",
       "      <td>0.141597</td>\n",
       "      <td>0.842986</td>\n",
       "      <td>4.424184</td>\n",
       "      <td>1.894234</td>\n",
       "      <td>3.110011</td>\n",
       "      <td>0.465900</td>\n",
       "      <td>4.298828</td>\n",
       "      <td>0.570800</td>\n",
       "      <td>0.575462</td>\n",
       "    </tr>\n",
       "    <tr>\n",
       "      <th>min</th>\n",
       "      <td>6.00000</td>\n",
       "      <td>2.900000</td>\n",
       "      <td>11.000000</td>\n",
       "      <td>0.900000</td>\n",
       "      <td>0.100000</td>\n",
       "      <td>0.100000</td>\n",
       "      <td>0.640000</td>\n",
       "      <td>0.070000</td>\n",
       "      <td>0.210000</td>\n",
       "      <td>0.090000</td>\n",
       "      <td>0.110000</td>\n",
       "      <td>0.060000</td>\n",
       "      <td>0.000000</td>\n",
       "    </tr>\n",
       "    <tr>\n",
       "      <th>25%</th>\n",
       "      <td>201.00000</td>\n",
       "      <td>6.800000</td>\n",
       "      <td>412.000000</td>\n",
       "      <td>7.350000</td>\n",
       "      <td>0.430000</td>\n",
       "      <td>0.380000</td>\n",
       "      <td>4.700000</td>\n",
       "      <td>0.280000</td>\n",
       "      <td>2.050000</td>\n",
       "      <td>0.630000</td>\n",
       "      <td>6.225000</td>\n",
       "      <td>0.270000</td>\n",
       "      <td>0.000000</td>\n",
       "    </tr>\n",
       "    <tr>\n",
       "      <th>50%</th>\n",
       "      <td>257.00000</td>\n",
       "      <td>8.100000</td>\n",
       "      <td>475.000000</td>\n",
       "      <td>7.500000</td>\n",
       "      <td>0.545000</td>\n",
       "      <td>0.590000</td>\n",
       "      <td>6.640000</td>\n",
       "      <td>0.360000</td>\n",
       "      <td>3.565000</td>\n",
       "      <td>0.930000</td>\n",
       "      <td>8.345000</td>\n",
       "      <td>0.405000</td>\n",
       "      <td>1.000000</td>\n",
       "    </tr>\n",
       "    <tr>\n",
       "      <th>75%</th>\n",
       "      <td>307.00000</td>\n",
       "      <td>10.550000</td>\n",
       "      <td>581.000000</td>\n",
       "      <td>7.630000</td>\n",
       "      <td>0.640000</td>\n",
       "      <td>0.780000</td>\n",
       "      <td>8.750000</td>\n",
       "      <td>0.470000</td>\n",
       "      <td>6.320000</td>\n",
       "      <td>1.250000</td>\n",
       "      <td>11.472500</td>\n",
       "      <td>0.610000</td>\n",
       "      <td>1.000000</td>\n",
       "    </tr>\n",
       "    <tr>\n",
       "      <th>max</th>\n",
       "      <td>383.00000</td>\n",
       "      <td>125.000000</td>\n",
       "      <td>887.000000</td>\n",
       "      <td>11.150000</td>\n",
       "      <td>0.950000</td>\n",
       "      <td>24.000000</td>\n",
       "      <td>31.000000</td>\n",
       "      <td>42.000000</td>\n",
       "      <td>44.000000</td>\n",
       "      <td>3.020000</td>\n",
       "      <td>31.000000</td>\n",
       "      <td>2.820000</td>\n",
       "      <td>2.000000</td>\n",
       "    </tr>\n",
       "  </tbody>\n",
       "</table>\n",
       "</div>"
      ],
      "text/plain": [
       "               N           P           K          pH          EC          OC  \\\n",
       "count  880.00000  880.000000  880.000000  880.000000  880.000000  880.000000   \n",
       "mean   246.73750   14.562159  499.978409    7.510500    0.543659    0.617989   \n",
       "std     77.38886   21.967755  124.222838    0.464912    0.141597    0.842986   \n",
       "min      6.00000    2.900000   11.000000    0.900000    0.100000    0.100000   \n",
       "25%    201.00000    6.800000  412.000000    7.350000    0.430000    0.380000   \n",
       "50%    257.00000    8.100000  475.000000    7.500000    0.545000    0.590000   \n",
       "75%    307.00000   10.550000  581.000000    7.630000    0.640000    0.780000   \n",
       "max    383.00000  125.000000  887.000000   11.150000    0.950000   24.000000   \n",
       "\n",
       "                S          Zn          Fe          Cu          Mn           B  \\\n",
       "count  880.000000  880.000000  880.000000  880.000000  880.000000  880.000000   \n",
       "mean     7.545080    0.469273    4.140523    0.952443    8.666500    0.590159   \n",
       "std      4.424184    1.894234    3.110011    0.465900    4.298828    0.570800   \n",
       "min      0.640000    0.070000    0.210000    0.090000    0.110000    0.060000   \n",
       "25%      4.700000    0.280000    2.050000    0.630000    6.225000    0.270000   \n",
       "50%      6.640000    0.360000    3.565000    0.930000    8.345000    0.405000   \n",
       "75%      8.750000    0.470000    6.320000    1.250000   11.472500    0.610000   \n",
       "max     31.000000   42.000000   44.000000    3.020000   31.000000    2.820000   \n",
       "\n",
       "           Output  \n",
       "count  880.000000  \n",
       "mean     0.588636  \n",
       "std      0.575462  \n",
       "min      0.000000  \n",
       "25%      0.000000  \n",
       "50%      1.000000  \n",
       "75%      1.000000  \n",
       "max      2.000000  "
      ]
     },
     "execution_count": 4,
     "metadata": {},
     "output_type": "execute_result"
    }
   ],
   "source": [
    "df = pd.read_csv('Soil fertility prediction.csv')\n",
    "df.describe()"
   ]
  },
  {
   "cell_type": "code",
   "execution_count": 5,
   "id": "c5f339a9",
   "metadata": {},
   "outputs": [
    {
     "name": "stdout",
     "output_type": "stream",
     "text": [
      "<class 'pandas.core.frame.DataFrame'>\n",
      "RangeIndex: 880 entries, 0 to 879\n",
      "Data columns (total 13 columns):\n",
      " #   Column  Non-Null Count  Dtype  \n",
      "---  ------  --------------  -----  \n",
      " 0   N       880 non-null    int64  \n",
      " 1   P       880 non-null    float64\n",
      " 2   K       880 non-null    int64  \n",
      " 3   pH      880 non-null    float64\n",
      " 4   EC      880 non-null    float64\n",
      " 5   OC      880 non-null    float64\n",
      " 6   S       880 non-null    float64\n",
      " 7   Zn      880 non-null    float64\n",
      " 8   Fe      880 non-null    float64\n",
      " 9   Cu      880 non-null    float64\n",
      " 10  Mn      880 non-null    float64\n",
      " 11  B       880 non-null    float64\n",
      " 12  Output  880 non-null    int64  \n",
      "dtypes: float64(10), int64(3)\n",
      "memory usage: 89.5 KB\n"
     ]
    }
   ],
   "source": [
    "df.info()"
   ]
  },
  {
   "cell_type": "code",
   "execution_count": 11,
   "id": "15099215",
   "metadata": {},
   "outputs": [],
   "source": [
    "df['Output'] = df['Output'].replace(2, 1)"
   ]
  },
  {
   "cell_type": "code",
   "execution_count": null,
   "id": "ca602788",
   "metadata": {},
   "outputs": [
    {
     "data": {
      "text/plain": [
       "Output\n",
       "1    479\n",
       "0    401\n",
       "Name: count, dtype: int64"
      ]
     },
     "execution_count": 13,
     "metadata": {},
     "output_type": "execute_result"
    }
   ],
   "source": [
    "#Replacing the vlaue 2 with 1 to make it binary classification since there are very few instances of 2\n",
    "df['Output'].value_counts(0)"
   ]
  },
  {
   "cell_type": "code",
   "execution_count": null,
   "id": "8a493acd",
   "metadata": {},
   "outputs": [
    {
     "data": {
      "text/html": [
       "<div>\n",
       "<style scoped>\n",
       "    .dataframe tbody tr th:only-of-type {\n",
       "        vertical-align: middle;\n",
       "    }\n",
       "\n",
       "    .dataframe tbody tr th {\n",
       "        vertical-align: top;\n",
       "    }\n",
       "\n",
       "    .dataframe thead th {\n",
       "        text-align: right;\n",
       "    }\n",
       "</style>\n",
       "<table border=\"1\" class=\"dataframe\">\n",
       "  <thead>\n",
       "    <tr style=\"text-align: right;\">\n",
       "      <th></th>\n",
       "      <th>N</th>\n",
       "      <th>P</th>\n",
       "      <th>K</th>\n",
       "      <th>pH</th>\n",
       "      <th>EC</th>\n",
       "      <th>OC</th>\n",
       "      <th>S</th>\n",
       "      <th>Zn</th>\n",
       "      <th>Fe</th>\n",
       "      <th>Cu</th>\n",
       "      <th>Mn</th>\n",
       "      <th>B</th>\n",
       "      <th>Output</th>\n",
       "    </tr>\n",
       "  </thead>\n",
       "  <tbody>\n",
       "    <tr>\n",
       "      <th>N</th>\n",
       "      <td>1.000000</td>\n",
       "      <td>-0.010049</td>\n",
       "      <td>0.050616</td>\n",
       "      <td>0.075138</td>\n",
       "      <td>-0.005646</td>\n",
       "      <td>0.029887</td>\n",
       "      <td>-0.124959</td>\n",
       "      <td>0.054240</td>\n",
       "      <td>0.076108</td>\n",
       "      <td>-0.183832</td>\n",
       "      <td>0.105870</td>\n",
       "      <td>-0.170835</td>\n",
       "      <td>0.729125</td>\n",
       "    </tr>\n",
       "    <tr>\n",
       "      <th>P</th>\n",
       "      <td>-0.010049</td>\n",
       "      <td>1.000000</td>\n",
       "      <td>0.086964</td>\n",
       "      <td>0.004857</td>\n",
       "      <td>0.006082</td>\n",
       "      <td>-0.008996</td>\n",
       "      <td>-0.100204</td>\n",
       "      <td>-0.016912</td>\n",
       "      <td>0.141165</td>\n",
       "      <td>0.054689</td>\n",
       "      <td>0.045265</td>\n",
       "      <td>-0.097401</td>\n",
       "      <td>0.188180</td>\n",
       "    </tr>\n",
       "    <tr>\n",
       "      <th>K</th>\n",
       "      <td>0.050616</td>\n",
       "      <td>0.086964</td>\n",
       "      <td>1.000000</td>\n",
       "      <td>0.002661</td>\n",
       "      <td>-0.109726</td>\n",
       "      <td>-0.029005</td>\n",
       "      <td>0.026489</td>\n",
       "      <td>-0.002511</td>\n",
       "      <td>-0.053442</td>\n",
       "      <td>-0.005597</td>\n",
       "      <td>0.021157</td>\n",
       "      <td>0.108025</td>\n",
       "      <td>0.060434</td>\n",
       "    </tr>\n",
       "    <tr>\n",
       "      <th>pH</th>\n",
       "      <td>0.075138</td>\n",
       "      <td>0.004857</td>\n",
       "      <td>0.002661</td>\n",
       "      <td>1.000000</td>\n",
       "      <td>0.058217</td>\n",
       "      <td>-0.015926</td>\n",
       "      <td>0.013164</td>\n",
       "      <td>-0.008321</td>\n",
       "      <td>-0.032685</td>\n",
       "      <td>-0.000223</td>\n",
       "      <td>-0.008488</td>\n",
       "      <td>0.010115</td>\n",
       "      <td>0.061680</td>\n",
       "    </tr>\n",
       "    <tr>\n",
       "      <th>EC</th>\n",
       "      <td>-0.005646</td>\n",
       "      <td>0.006082</td>\n",
       "      <td>-0.109726</td>\n",
       "      <td>0.058217</td>\n",
       "      <td>1.000000</td>\n",
       "      <td>-0.007045</td>\n",
       "      <td>0.051810</td>\n",
       "      <td>-0.035703</td>\n",
       "      <td>-0.041525</td>\n",
       "      <td>0.035638</td>\n",
       "      <td>-0.043662</td>\n",
       "      <td>-0.004469</td>\n",
       "      <td>-0.019714</td>\n",
       "    </tr>\n",
       "    <tr>\n",
       "      <th>OC</th>\n",
       "      <td>0.029887</td>\n",
       "      <td>-0.008996</td>\n",
       "      <td>-0.029005</td>\n",
       "      <td>-0.015926</td>\n",
       "      <td>-0.007045</td>\n",
       "      <td>1.000000</td>\n",
       "      <td>0.046813</td>\n",
       "      <td>0.625683</td>\n",
       "      <td>0.282128</td>\n",
       "      <td>-0.009703</td>\n",
       "      <td>-0.078540</td>\n",
       "      <td>0.106760</td>\n",
       "      <td>0.037464</td>\n",
       "    </tr>\n",
       "    <tr>\n",
       "      <th>S</th>\n",
       "      <td>-0.124959</td>\n",
       "      <td>-0.100204</td>\n",
       "      <td>0.026489</td>\n",
       "      <td>0.013164</td>\n",
       "      <td>0.051810</td>\n",
       "      <td>0.046813</td>\n",
       "      <td>1.000000</td>\n",
       "      <td>-0.013870</td>\n",
       "      <td>-0.208752</td>\n",
       "      <td>0.158130</td>\n",
       "      <td>-0.226249</td>\n",
       "      <td>0.478017</td>\n",
       "      <td>-0.046898</td>\n",
       "    </tr>\n",
       "    <tr>\n",
       "      <th>Zn</th>\n",
       "      <td>0.054240</td>\n",
       "      <td>-0.016912</td>\n",
       "      <td>-0.002511</td>\n",
       "      <td>-0.008321</td>\n",
       "      <td>-0.035703</td>\n",
       "      <td>0.625683</td>\n",
       "      <td>-0.013870</td>\n",
       "      <td>1.000000</td>\n",
       "      <td>0.548485</td>\n",
       "      <td>-0.051229</td>\n",
       "      <td>-0.065154</td>\n",
       "      <td>0.056252</td>\n",
       "      <td>0.041543</td>\n",
       "    </tr>\n",
       "    <tr>\n",
       "      <th>Fe</th>\n",
       "      <td>0.076108</td>\n",
       "      <td>0.141165</td>\n",
       "      <td>-0.053442</td>\n",
       "      <td>-0.032685</td>\n",
       "      <td>-0.041525</td>\n",
       "      <td>0.282128</td>\n",
       "      <td>-0.208752</td>\n",
       "      <td>0.548485</td>\n",
       "      <td>1.000000</td>\n",
       "      <td>0.138121</td>\n",
       "      <td>0.275564</td>\n",
       "      <td>-0.332181</td>\n",
       "      <td>0.052399</td>\n",
       "    </tr>\n",
       "    <tr>\n",
       "      <th>Cu</th>\n",
       "      <td>-0.183832</td>\n",
       "      <td>0.054689</td>\n",
       "      <td>-0.005597</td>\n",
       "      <td>-0.000223</td>\n",
       "      <td>0.035638</td>\n",
       "      <td>-0.009703</td>\n",
       "      <td>0.158130</td>\n",
       "      <td>-0.051229</td>\n",
       "      <td>0.138121</td>\n",
       "      <td>1.000000</td>\n",
       "      <td>0.079934</td>\n",
       "      <td>0.101115</td>\n",
       "      <td>-0.119174</td>\n",
       "    </tr>\n",
       "    <tr>\n",
       "      <th>Mn</th>\n",
       "      <td>0.105870</td>\n",
       "      <td>0.045265</td>\n",
       "      <td>0.021157</td>\n",
       "      <td>-0.008488</td>\n",
       "      <td>-0.043662</td>\n",
       "      <td>-0.078540</td>\n",
       "      <td>-0.226249</td>\n",
       "      <td>-0.065154</td>\n",
       "      <td>0.275564</td>\n",
       "      <td>0.079934</td>\n",
       "      <td>1.000000</td>\n",
       "      <td>-0.413963</td>\n",
       "      <td>0.053122</td>\n",
       "    </tr>\n",
       "    <tr>\n",
       "      <th>B</th>\n",
       "      <td>-0.170835</td>\n",
       "      <td>-0.097401</td>\n",
       "      <td>0.108025</td>\n",
       "      <td>0.010115</td>\n",
       "      <td>-0.004469</td>\n",
       "      <td>0.106760</td>\n",
       "      <td>0.478017</td>\n",
       "      <td>0.056252</td>\n",
       "      <td>-0.332181</td>\n",
       "      <td>0.101115</td>\n",
       "      <td>-0.413963</td>\n",
       "      <td>1.000000</td>\n",
       "      <td>-0.045461</td>\n",
       "    </tr>\n",
       "    <tr>\n",
       "      <th>Output</th>\n",
       "      <td>0.729125</td>\n",
       "      <td>0.188180</td>\n",
       "      <td>0.060434</td>\n",
       "      <td>0.061680</td>\n",
       "      <td>-0.019714</td>\n",
       "      <td>0.037464</td>\n",
       "      <td>-0.046898</td>\n",
       "      <td>0.041543</td>\n",
       "      <td>0.052399</td>\n",
       "      <td>-0.119174</td>\n",
       "      <td>0.053122</td>\n",
       "      <td>-0.045461</td>\n",
       "      <td>1.000000</td>\n",
       "    </tr>\n",
       "  </tbody>\n",
       "</table>\n",
       "</div>"
      ],
      "text/plain": [
       "               N         P         K        pH        EC        OC         S  \\\n",
       "N       1.000000 -0.010049  0.050616  0.075138 -0.005646  0.029887 -0.124959   \n",
       "P      -0.010049  1.000000  0.086964  0.004857  0.006082 -0.008996 -0.100204   \n",
       "K       0.050616  0.086964  1.000000  0.002661 -0.109726 -0.029005  0.026489   \n",
       "pH      0.075138  0.004857  0.002661  1.000000  0.058217 -0.015926  0.013164   \n",
       "EC     -0.005646  0.006082 -0.109726  0.058217  1.000000 -0.007045  0.051810   \n",
       "OC      0.029887 -0.008996 -0.029005 -0.015926 -0.007045  1.000000  0.046813   \n",
       "S      -0.124959 -0.100204  0.026489  0.013164  0.051810  0.046813  1.000000   \n",
       "Zn      0.054240 -0.016912 -0.002511 -0.008321 -0.035703  0.625683 -0.013870   \n",
       "Fe      0.076108  0.141165 -0.053442 -0.032685 -0.041525  0.282128 -0.208752   \n",
       "Cu     -0.183832  0.054689 -0.005597 -0.000223  0.035638 -0.009703  0.158130   \n",
       "Mn      0.105870  0.045265  0.021157 -0.008488 -0.043662 -0.078540 -0.226249   \n",
       "B      -0.170835 -0.097401  0.108025  0.010115 -0.004469  0.106760  0.478017   \n",
       "Output  0.729125  0.188180  0.060434  0.061680 -0.019714  0.037464 -0.046898   \n",
       "\n",
       "              Zn        Fe        Cu        Mn         B    Output  \n",
       "N       0.054240  0.076108 -0.183832  0.105870 -0.170835  0.729125  \n",
       "P      -0.016912  0.141165  0.054689  0.045265 -0.097401  0.188180  \n",
       "K      -0.002511 -0.053442 -0.005597  0.021157  0.108025  0.060434  \n",
       "pH     -0.008321 -0.032685 -0.000223 -0.008488  0.010115  0.061680  \n",
       "EC     -0.035703 -0.041525  0.035638 -0.043662 -0.004469 -0.019714  \n",
       "OC      0.625683  0.282128 -0.009703 -0.078540  0.106760  0.037464  \n",
       "S      -0.013870 -0.208752  0.158130 -0.226249  0.478017 -0.046898  \n",
       "Zn      1.000000  0.548485 -0.051229 -0.065154  0.056252  0.041543  \n",
       "Fe      0.548485  1.000000  0.138121  0.275564 -0.332181  0.052399  \n",
       "Cu     -0.051229  0.138121  1.000000  0.079934  0.101115 -0.119174  \n",
       "Mn     -0.065154  0.275564  0.079934  1.000000 -0.413963  0.053122  \n",
       "B       0.056252 -0.332181  0.101115 -0.413963  1.000000 -0.045461  \n",
       "Output  0.041543  0.052399 -0.119174  0.053122 -0.045461  1.000000  "
      ]
     },
     "execution_count": 14,
     "metadata": {},
     "output_type": "execute_result"
    }
   ],
   "source": [
    "#Checking for high multi-collinearity\n",
    "df.corr()"
   ]
  },
  {
   "cell_type": "code",
   "execution_count": null,
   "id": "c9c3116c",
   "metadata": {},
   "outputs": [
    {
     "data": {
